    0 100000000.00 1200000.00 101200000.00
    1 101200000.00 1214400.00 102414400.00
    2 102414400.00 1228972.80 103643372.80
    3 103643372.80 1243720.47 104887093.27
    4 104887093.27 1258645.12 106145738.39
    5 106145738.39 1273748.86 107419487.25
    6 107419487.25 1289033.85 108708521.10
    7 108708521.10 1304502.25 110013023.35
    8 110013023.35 1320156.28 111333179.63
    9 111333179.63 1335998.16 112669177.79
   10 112669177.79 1352030.13 114021207.92
   11 114021207.92 1368254.50 115389462.42
If your borrowed at the bank $100000000.00
you'd have to pay $115389462.42
